1 2 0 0 0 0 2.49492e-315 1.88478e-314 0 0 
1 2 0 0 -0.286868 -0.295659 -0.286868 -0.295659 0.01 0 
0.999986 1.99999 -0.00286868 -0.00295659 -0.573736 -0.591319 -0.286868 -0.295659 0.02 0 
0.999928 1.99993 -0.00860605 -0.00886978 -0.860605 -0.886978 -0.286868 -0.295659 0.03 0 
0.999799 1.99979 -0.0172121 -0.0177396 -1.14747 -1.18264 -0.286868 -0.295659 0.04 0 
0.99957 1.99956 -0.0286868 -0.0295659 -1.43434 -1.4783 -0.286868 -0.295659 0.05 0 
0.999211 1.99919 -0.0430302 -0.0443489 -1.72121 -1.77396 -0.286868 -0.295659 0.06 0 
0.998695 1.99865 -0.0602423 -0.0620885 -2.00808 -2.06962 -0.286868 -0.295659 0.07 0 
0.997992 1.99793 -0.0803231 -0.0827846 -1.41411 -2.45755 0.59397 -0.387932 0.08 0 
0.997118 1.99698 -0.0944642 -0.10736 -0.820137 -2.84548 0.59397 -0.387932 0.09 0 
0.996132 1.99576 -0.102666 -0.135815 -0.226166 -3.23341 0.59397 -0.387932 0.1 0 
0.995094 1.99424 -0.104927 -0.168149 0.367804 -3.62134 0.59397 -0.387932 0.11 0 
0.994063 1.99238 -0.101249 -0.204362 0.961775 -4.00927 0.59397 -0.387932 0.12 0 
0.993099 1.99014 -0.0916314 -0.244455 1.55575 -4.39721 0.59397 -0.387932 0.13 0 
0.992261 1.98747 -0.076074 -0.288427 2.14972 -4.78514 0.59397 -0.387932 0.14 0 
0.991607 1.98435 -0.0545768 -0.336279 2.74369 -5.17307 0.59397 -0.387932 0.15 0 
0.991199 1.98073 -0.0271399 -0.388009 3.33766 -5.561 0.59397 -0.387932 0.16 0 
0.991094 1.97657 0.00623663 -0.443619 3.93163 -5.94893 0.59397 -0.387932 0.17 0 
0.991353 1.97184 0.0455529 -0.503109 4.5256 -6.33686 0.59397 -0.387932 0.18 0 
0.992035 1.96649 0.0908089 -0.566477 5.11957 -6.7248 0.59397 -0.387932 0.19 0 
0.993199 1.96049 0.142005 -0.633725 6.0823 -6.26258 0.962733 0.462219 0.2 0 
0.994923 1.95384 0.202828 -0.696351 7.04503 -5.80036 0.962733 0.462219 0.21 0 
0.997304 1.94658 0.273278 -0.754355 8.00777 -5.33814 0.962733 0.462219 0.22 0 
1.00044 1.93877 0.353356 -0.807736 8.9705 -4.87592 0.962733 0.462219 0.23 0 
1.00442 1.93045 0.443061 -0.856495 9.93323 -4.4137 0.962733 0.462219 0.24 0 
1.00935 1.92167 0.542393 -0.900632 10.896 -3.95148 0.962733 0.462219 0.25 0 
1.01531 1.91246 0.651353 -0.940147 11.8587 -3.48926 0.962733 0.462219 0.26 0 
1.02242 1.90289 0.76994 -0.97504 12.5277 -3.53665 0.668998 -0.047389 0.27 0 
1.03075 1.89296 0.895217 -1.01041 13.1967 -3.58404 0.668998 -0.047389 0.28 0 
1.04036 1.88268 1.02718 -1.04625 13.8657 -3.63143 0.668998 -0.047389 0.29 0 
1.05132 1.87203 1.16584 -1.08256 14.5347 -3.67882 0.668998 -0.047389 0.3 0 
1.06371 1.86102 1.31119 -1.11935 15.2037 -3.72621 0.668998 -0.047389 0.31 0 
1.07758 1.84964 1.46322 -1.15661 15.8727 -3.7736 0.668998 -0.047389 0.32 0 
1.09301 1.83789 1.62195 -1.19435 16.5417 -3.82098 0.668998 -0.047389 0.33 0 
1.11005 1.82575 1.78737 -1.23256 17.2107 -3.86837 0.668998 -0.047389 0.34 0 
1.12879 1.81323 1.95947 -1.27124 16.9991 -3.03457 -0.211555 0.833799 0.35 0 
1.14923 1.80037 2.12947 -1.30159 16.7876 -2.20078 -0.211555 0.833799 0.36 0 
1.17137 1.78724 2.29734 -1.32359 16.576 -1.36698 -0.211555 0.833799 0.37 0 
1.19517 1.77394 2.4631 -1.33726 16.3645 -0.533177 -0.211555 0.833799 0.38 0 
1.22062 1.76054 2.62675 -1.3426 16.1529 0.300622 -0.211555 0.833799 0.39 0 
1.24769 1.74713 2.78828 -1.33959 15.9414 1.13442 -0.211555 0.833799 0.4 0 
1.27637 1.73379 2.94769 -1.32825 15.7298 1.96822 -0.211555 0.833799 0.41 0 
1.30664 1.72061 3.10499 -1.30856 15.5182 2.80202 -0.211555 0.833799 0.42 0 
1.33846 1.70766 3.26017 -1.28054 15.3067 3.63582 -0.211555 0.833799 0.43 0 
1.37183 1.69504 3.41324 -1.24418 15.0951 4.46962 -0.211555 0.833799 0.44 0 
1.40672 1.68282 3.56419 -1.19949 14.8836 5.30342 -0.211555 0.833799 0.45 0 
1.4431 1.67109 3.71302 -1.14645 14.672 6.13722 -0.211555 0.833799 0.46 0 
1.48097 1.65993 3.85974 -1.08508 14.4605 6.97102 -0.211555 0.833799 0.47 0 
1.52029 1.64943 4.00435 -1.01537 14.2489 7.80481 -0.211555 0.833799 0.48 0 
1.56104 1.63967 4.14684 -0.937324 14.0374 8.63861 -0.211555 0.833799 0.49 0 
1.60321 1.63072 4.28721 -0.850938 13.8258 9.47241 -0.211555 0.833799 0.5 0 
1.64678 1.62269 4.42547 -0.756213 13.6143 10.3062 -0.211555 0.833799 0.51 0 
1.69171 1.61564 4.56161 -0.653151 13.4027 11.14 -0.211555 0.833799 0.52 0 
1.738 1.60967 4.69564 -0.541751 13.1911 11.9738 -0.211555 0.833799 0.53 0 
1.78561 1.60485 4.82755 -0.422013 12.9796 12.8076 -0.211555 0.833799 0.54 0 
1.83454 1.60127 4.95735 -0.293937 12.768 13.6414 -0.211555 0.833799 0.55 0 
1.88475 1.59901 5.08503 -0.157523 12.5565 14.4752 -0.211555 0.833799 0.56 0 
1.93623 1.59816 5.21059 -0.0127709 12.3449 15.309 -0.211555 0.833799 0.57 0 
1.98895 1.5988 5.33404 0.140319 12.1334 16.1428 -0.211555 0.833799 0.58 0 
2.66994 2.49977 17.5465 -8.17517 0 0 0 0 0.58 1 
2.84541 2.41802 17.5465 -8.17517 0.769098 -0.19952 0.769098 -0.19952 0.59 1 
3.02091 2.33626 17.5542 -8.17717 1.5382 -0.39904 0.769098 -0.19952 0.6 1 
3.19653 2.25447 17.5696 -8.18116 2.30729 -0.598559 0.769098 -0.19952 0.61 1 
3.37234 2.17263 17.5927 -8.18715 3.07639 -0.798079 0.769098 -0.19952 0.62 1 
3.54842 2.09072 17.6234 -8.19513 3.84549 -0.997599 0.769098 -0.19952 0.63 1 
3.72485 2.00871 17.6619 -8.2051 4.61459 -1.19712 0.769098 -0.19952 0.64 1 
3.9017 1.9266 17.708 -8.21707 5.38368 -1.39664 0.769098 -0.19952 0.65 1 
4.07905 1.84436 17.7619 -8.23104 6.15278 -1.59616 0.769098 -0.19952 0.66 1 
4.25697 1.76197 17.8234 -8.247 6.29032 -1.06351 0.13754 0.532653 0.67 1 
4.43552 1.67945 17.8863 -8.25764 6.42786 -0.530852 0.13754 0.532653 0.68 1 
4.61471 1.59685 17.9506 -8.26295 6.5654 0.00180056 0.13754 0.532653 0.69 1 
4.79454 1.51422 18.0162 -8.26293 6.70294 0.534454 0.13754 0.532653 0.7 1 
4.97504 1.43162 18.0832 -8.25758 6.84048 1.06711 0.13754 0.532653 0.71 1 
5.15621 1.34909 18.1517 -8.24691 6.97802 1.59976 0.13754 0.532653 0.72 1 
5.33808 1.2667 18.2214 -8.23091 7.11556 2.13241 0.13754 0.532653 0.73 1 
5.52065 1.1845 18.2926 -8.20959 7.2531 2.66507 0.13754 0.532653 0.74 1 
5.70394 1.10254 18.3651 -8.18294 7.39064 3.19772 0.13754 0.532653 0.75 1 
4.20157 3.01744 19.7093 23.5571 0 0 0 0 0.75 2 
4.39866 3.25301 19.7093 23.5571 0.531809 0.875842 0.531809 0.875842 0.76 2 
4.59578 3.48863 19.7146 23.5659 1.06362 1.75168 0.531809 0.875842 0.77 2 
4.79298 3.72438 19.7252 23.5834 1.59543 2.62753 0.531809 0.875842 0.78 2 
4.99031 3.96034 19.7412 23.6097 2.12724 3.50337 0.531809 0.875842 0.79 2 

